593.486761567473,235.87604641809412,4126.340042162221
